[gd_scene load_steps=40 format=3 uid="uid://dnjxaxedn5ikn"]

[ext_resource type="Script" path="res://prefabs/player.gd" id="1_fi8vs"]
[ext_resource type="PackedScene" uid="uid://c45k0kryc6nl" path="res://prefabs/character_mover.tscn" id="2_gesuu"]
[ext_resource type="PackedScene" uid="uid://df07o0u0kc7c3" path="res://prefabs/dead_screen.tscn" id="2_gfah1"]
[ext_resource type="PackedScene" uid="uid://bxoma4p1wa410" path="res://prefabs/weapons/weapon_manager.tscn" id="2_ra2p6"]
[ext_resource type="PackedScene" uid="uid://cvpp8sp0ggpql" path="res://prefabs/health_manager.tscn" id="4_7w3qo"]
[ext_resource type="Script" path="res://prefabs/weapons/weapon.gd" id="4_vhbtn"]
[ext_resource type="PackedScene" uid="uid://cdx8gia7y2a8i" path="res://prefabs/player/arms2.tscn" id="4_x0flc"]
[ext_resource type="PackedScene" uid="uid://3tgpiy7bqx7u" path="res://prefabs/weapons/bullet_emitters/bullet_emitter.tscn" id="6_a7suc"]
[ext_resource type="PackedScene" uid="uid://bd5l2yuxtc0so" path="res://prefabs/weapons/bullet_emitters/area_damage_emitter.tscn" id="7_3qrji"]
[ext_resource type="PackedScene" uid="uid://dlskl61y0hbcv" path="res://prefabs/footsteps.tscn" id="7_u3hxi"]
[ext_resource type="Texture2D" uid="uid://bosbrodxv1a1j" path="res://assets/images/crosshair001.png" id="8_od268"]
[ext_resource type="AudioStream" uid="uid://xqfgfkyoyo2t" path="res://assets/Audio/SFX/Player_FS/A_Player_FS_1.wav" id="8_s6tco"]
[ext_resource type="AudioStream" uid="uid://cpmvd0cpx7fn0" path="res://assets/Audio/SFX/Player_FS/A_Player_FS_2.wav" id="9_q15wc"]
[ext_resource type="AudioStream" uid="uid://ca3t0agn17vat" path="res://assets/Audio/SFX/Player_FS/A_Player_FS_3.wav" id="10_wtpge"]
[ext_resource type="AudioStream" uid="uid://cg8vmjjx41egv" path="res://assets/Audio/SFX/Player_FS/A_Player_FS_4.wav" id="11_r8yw1"]
[ext_resource type="AudioStream" uid="uid://bp66oqn6k1pr7" path="res://assets/Audio/SFX/Player_FS/A_Player_FS_5.wav" id="12_oy2bd"]
[ext_resource type="AudioStream" uid="uid://nxa5owc1nkqj" path="res://assets/Audio/SFX/Player_FS/A_Player_FS_6.wav" id="13_dkjvy"]
[ext_resource type="AudioStream" uid="uid://bi6k8yt0q25ce" path="res://assets/Audio/SFX/Player_FS/A_Player_FS_7.wav" id="14_a4f7c"]
[ext_resource type="AudioStream" uid="uid://de0cwqfi8xt3k" path="res://assets/Audio/SFX/Player_FS/A_Player_FS_8.wav" id="15_qynyt"]
[ext_resource type="AudioStream" uid="uid://tgj5a28h1p6v" path="res://assets/Audio/SFX/Player_FS/A_Player_FS_9.wav" id="16_j30ov"]
[ext_resource type="AudioStream" uid="uid://n5uplr0earyk" path="res://assets/Audio/SFX/Menus/Game_Over/A_GameOver.wav" id="17_3y652"]
[ext_resource type="AudioStream" uid="uid://be3156kw6wpb3" path="res://assets/Audio/SFX/Player_FS/A_Player_FS_10.wav" id="17_loy46"]
[ext_resource type="Script" path="res://prefabs/random_audio_stream_player_3d.gd" id="17_sj0tx"]
[ext_resource type="AudioStream" uid="uid://ce4x14y08bn1f" path="res://assets/Audio/SFX/Weapon_SFX/Impacts/A_Impact_1.wav" id="18_5oq7f"]
[ext_resource type="AudioStream" uid="uid://6kpk88il4oxd" path="res://assets/Audio/SFX/Weapon_SFX/Impacts/A_Impact_2.wav" id="19_l2rlr"]
[ext_resource type="AudioStream" uid="uid://byj081nptwxua" path="res://assets/Audio/SFX/Weapon_SFX/Impacts/A_Impact_3.wav" id="20_v37tv"]
[ext_resource type="PackedScene" uid="uid://be4sgkpxb3xpg" path="res://prefabs/player_health_bar.tscn" id="27_13lhd"]

[sub_resource type="CapsuleShape3D" id="CapsuleShape3D_3s1l1"]

[sub_resource type="CapsuleMesh" id="CapsuleMesh_xqtal"]

[sub_resource type="Animation" id="Animation_js1gw"]
resource_name = "attack"
length = 1.3
step = 0.01
tracks/0/type = "animation"
tracks/0/imported = false
tracks/0/enabled = true
tracks/0/path = NodePath("Arms/AnimationPlayer")
tracks/0/interp = 1
tracks/0/loop_wrap = true
tracks/0/keys = {
"clips": PackedStringArray("Arm_ANIM_punch_v1"),
"times": PackedFloat32Array(0.02)
}
tracks/1/type = "method"
tracks/1/imported = false
tracks/1/enabled = true
tracks/1/path = NodePath("..")
tracks/1/interp = 1
tracks/1/loop_wrap = true
tracks/1/keys = {
"times": PackedFloat32Array(0.4),
"transitions": PackedFloat32Array(1),
"values": [{
"args": [],
"method": &"actually_attack"
}]
}

[sub_resource type="Animation" id="Animation_0mbfm"]
resource_name = "moving"
length = 1.05
loop_mode = 1
step = 0.01
tracks/0/type = "animation"
tracks/0/imported = false
tracks/0/enabled = true
tracks/0/path = NodePath("Arms/AnimationPlayer")
tracks/0/interp = 1
tracks/0/loop_wrap = true
tracks/0/keys = {
"clips": PackedStringArray("Arm_ANIM_run_v1"),
"times": PackedFloat32Array(0.02)
}

[sub_resource type="Animation" id="Animation_wql6t"]
resource_name = "RESET"

[sub_resource type="AnimationLibrary" id="AnimationLibrary_2cssd"]
_data = {
"RESET": SubResource("Animation_wql6t"),
"attack": SubResource("Animation_js1gw"),
"moving": SubResource("Animation_0mbfm")
}

[sub_resource type="Animation" id="Animation_6rrbx"]
resource_name = "moving"
length = 0.5
loop_mode = 1
tracks/0/type = "value"
tracks/0/imported = false
tracks/0/enabled = true
tracks/0/path = NodePath("Weapons:position")
tracks/0/interp = 1
tracks/0/loop_wrap = true
tracks/0/keys = {
"times": PackedFloat32Array(0.1, 0.4),
"transitions": PackedFloat32Array(1, 1),
"update": 0,
"values": [Vector3(0.05, 0, 0), Vector3(-0.05, 0, 0)]
}

[sub_resource type="Animation" id="Animation_leuyd"]
length = 0.001
tracks/0/type = "value"
tracks/0/imported = false
tracks/0/enabled = true
tracks/0/path = NodePath("Weapons:position")
tracks/0/interp = 1
tracks/0/loop_wrap = true
tracks/0/keys = {
"times": PackedFloat32Array(0),
"transitions": PackedFloat32Array(1),
"update": 0,
"values": [Vector3(0, 0, 0)]
}

[sub_resource type="AnimationLibrary" id="AnimationLibrary_tinmg"]
_data = {
"RESET": SubResource("Animation_leuyd"),
"moving": SubResource("Animation_6rrbx")
}

[sub_resource type="Animation" id="Animation_27hw8"]
length = 0.001
tracks/0/type = "value"
tracks/0/imported = false
tracks/0/enabled = true
tracks/0/path = NodePath(".:color")
tracks/0/interp = 1
tracks/0/loop_wrap = true
tracks/0/keys = {
"times": PackedFloat32Array(0),
"transitions": PackedFloat32Array(1),
"update": 0,
"values": [Color(1, 0, 0, 0)]
}

[sub_resource type="Animation" id="Animation_ryjf6"]
resource_name = "hit"
length = 0.1
tracks/0/type = "value"
tracks/0/imported = false
tracks/0/enabled = true
tracks/0/path = NodePath(".:color")
tracks/0/interp = 1
tracks/0/loop_wrap = true
tracks/0/keys = {
"times": PackedFloat32Array(0, 0.1),
"transitions": PackedFloat32Array(1, 1),
"update": 0,
"values": [Color(1, 0, 0, 0.815686), Color(1, 0, 0, 0)]
}

[sub_resource type="AnimationLibrary" id="AnimationLibrary_ycunu"]
_data = {
"RESET": SubResource("Animation_27hw8"),
"hit": SubResource("Animation_ryjf6")
}

[node name="Player" type="CharacterBody3D" groups=["player"]]
collision_layer = 2
script = ExtResource("1_fi8vs")
dead_screen_prefab = ExtResource("2_gfah1")

[node name="CollisionShape3D" type="CollisionShape3D" parent="."]
transform = Transform3D(1, 0, 0, 0, 1, 0, 0, 0, 1, 0, 1, 0)
shape = SubResource("CapsuleShape3D_3s1l1")

[node name="MeshInstance3D" type="MeshInstance3D" parent="."]
transform = Transform3D(1, 0, 0, 0, 1, 0, 0, 0, 1, 0, 1, 0)
visible = false
mesh = SubResource("CapsuleMesh_xqtal")

[node name="Camera3D" type="Camera3D" parent="."]
transform = Transform3D(1, 0, 0, 0, 1, 0, 0, 0, 1, 0, 1.5, 0)
fov = 74.96

[node name="FirePoint" type="Node3D" parent="Camera3D"]

[node name="WeaponManager" parent="Camera3D" instance=ExtResource("2_ra2p6")]

[node name="Weapons" type="Node3D" parent="Camera3D/WeaponManager"]

[node name="Fist" type="Node3D" parent="Camera3D/WeaponManager/Weapons"]
script = ExtResource("4_vhbtn")
ammo = -1
attack_rate = 0.5
animation_controlled_attack = true

[node name="Graphics" type="Node3D" parent="Camera3D/WeaponManager/Weapons/Fist"]

[node name="Arms" parent="Camera3D/WeaponManager/Weapons/Fist/Graphics" instance=ExtResource("4_x0flc")]
transform = Transform3D(-1, 0, -8.74228e-08, 0, 1, 0, 8.74228e-08, 0, -1, 0, -0.173274, -0.202665)

[node name="Skeleton3D" parent="Camera3D/WeaponManager/Weapons/Fist/Graphics/Arms/RootNode/arms/arm_jnt_GRP/R_arm_JNT_GRP" index="0"]
bones/0/rotation = Quaternion(-0.318535, 0.901618, 0.123088, -0.26546)
bones/1/position = Vector3(0.0452343, 0.00163317, -0.00255631)
bones/1/rotation = Quaternion(-0.200422, 0.38407, -0.234654, 0.870206)
bones/2/rotation = Quaternion(0.0790533, -0.245103, -0.160077, 0.952917)
bones/3/rotation = Quaternion(0.6005, 0.795889, 0.0534777, -0.0556811)
bones/4/rotation = Quaternion(0.0490517, -0.0389158, 0.32554, 0.943453)
bones/5/rotation = Quaternion(-0.0393434, 0.0213571, 0.543098, 0.838475)
bones/7/rotation = Quaternion(0.305049, 0.903495, -0.0192835, -0.300449)
bones/8/rotation = Quaternion(-0.0131551, -0.0911729, 0.452433, 0.887028)
bones/9/rotation = Quaternion(0.0292077, -0.0211344, 0.467881, 0.883056)
bones/11/rotation = Quaternion(0.190171, 0.931207, -0.107158, -0.2919)
bones/12/rotation = Quaternion(0.0335149, 0.0584753, 0.561353, 0.824827)
bones/13/rotation = Quaternion(0.100816, -0.00842125, 0.430587, 0.896861)
bones/15/rotation = Quaternion(0.108312, 0.947935, 0.0212317, -0.298727)
bones/16/rotation = Quaternion(0.209347, -0.0831818, 0.506849, 0.832081)
bones/17/rotation = Quaternion(0.0988053, -0.138528, 0.449931, 0.876704)
bones/19/rotation = Quaternion(-0.00611932, 0.953432, -0.0187034, -0.300965)
bones/20/rotation = Quaternion(0.0678082, -0.411137, -0.110435, 0.902315)

[node name="Skeleton3D" parent="Camera3D/WeaponManager/Weapons/Fist/Graphics/Arms/RootNode/arms/arm_jnt_GRP/L_arm_JNT_GRP" index="0"]
bones/0/rotation = Quaternion(-0.290427, 0.891398, -0.236887, -0.254846)
bones/1/rotation = Quaternion(0.250206, 0.0445378, -0.263505, 0.93058)
bones/2/rotation = Quaternion(0.0232072, -0.147856, -0.144496, 0.978121)
bones/3/rotation = Quaternion(0.409851, 0.886198, -0.0974755, -0.192807)
bones/4/rotation = Quaternion(-0.198985, 0.144598, 0.504778, 0.827463)
bones/5/rotation = Quaternion(0.0192313, 0.219422, 0.42913, 0.875975)
bones/7/rotation = Quaternion(0.188382, 0.941092, 0.0325516, -0.278923)
bones/8/rotation = Quaternion(0.00369374, 0.059204, 0.684931, 0.726189)
bones/9/position = Vector3(-0.00446981, -0.00196703, -4.09864e-12)
bones/9/rotation = Quaternion(-0.0409053, 0.129922, 0.312276, 0.940176)
bones/11/rotation = Quaternion(0.143973, 0.94158, -0.00548772, -0.304415)
bones/12/rotation = Quaternion(0.0323532, -0.031233, 0.452942, 0.890405)
bones/13/rotation = Quaternion(0.0260228, -0.0183787, 0.60876, 0.792715)
bones/15/rotation = Quaternion(0.128342, 0.943488, -0.110979, -0.28468)
bones/16/rotation = Quaternion(-0.0943958, -0.023761, 0.0922418, 0.990967)
bones/17/rotation = Quaternion(0.0104688, -0.0428567, 0.471417, 0.880807)
bones/19/rotation = Quaternion(-0.00687691, 0.992176, -0.124323, -0.00915207)
bones/20/rotation = Quaternion(0.345332, 0.0371964, -0.0842388, 0.933952)

[node name="L_arm_shoulder_ctrl" parent="Camera3D/WeaponManager/Weapons/Fist/Graphics/Arms/RootNode/arms/arm_ctrl_GRP/arm_root_offset/arm_root_CTRL/L_arm_CTRL_GRP/L_arm_shoulder_offset" index="0"]
transform = Transform3D(0.924784, 0.210052, 0.317257, -0.362995, 0.736993, 0.570153, -0.114054, -0.642432, 0.757808, -0.0119624, 0.00194449, 0.026725)

[node name="L_arm_elbow_CTRL" parent="Camera3D/WeaponManager/Weapons/Fist/Graphics/Arms/RootNode/arms/arm_ctrl_GRP/arm_root_offset/arm_root_CTRL/L_arm_CTRL_GRP/L_arm_shoulder_offset/L_arm_shoulder_ctrl/L_arm_elbow_offset" index="0"]
transform = Transform3D(0.796124, -0.425839, -0.429938, 0.55501, 0.796963, 0.238357, 0.241143, -0.428382, 0.870827, 0, 0, 0)

[node name="L_arm_wrist_CTRL" parent="Camera3D/WeaponManager/Weapons/Fist/Graphics/Arms/RootNode/arms/arm_ctrl_GRP/arm_root_offset/arm_root_CTRL/L_arm_CTRL_GRP/L_arm_shoulder_offset/L_arm_shoulder_ctrl/L_arm_elbow_offset/L_arm_elbow_CTRL/L_arm_wrist_offset" index="0"]
transform = Transform3D(0.963388, -0.266826, -0.0262107, 0.266753, 0.944099, 0.193699, -0.0269385, -0.193599, 0.980711, 0, 0, 0)

[node name="L_arm_thumb_1_CTRL" parent="Camera3D/WeaponManager/Weapons/Fist/Graphics/Arms/RootNode/arms/arm_ctrl_GRP/arm_root_offset/arm_root_CTRL/L_arm_CTRL_GRP/L_arm_shoulder_offset/L_arm_shoulder_ctrl/L_arm_elbow_offset/L_arm_elbow_CTRL/L_arm_wrist_offset/L_arm_wrist_CTRL/L_arm_thumb_1_offset" index="0"]
transform = Transform3D(0.99789, -0.0543304, -0.0355495, 0.0303296, 0.874182, -0.48465, 0.057408, 0.482549, 0.873986, 0, 0, 0)

[node name="L_arm_thumb_2_CTRL" parent="Camera3D/WeaponManager/Weapons/Fist/Graphics/Arms/RootNode/arms/arm_ctrl_GRP/arm_root_offset/arm_root_CTRL/L_arm_CTRL_GRP/L_arm_shoulder_offset/L_arm_shoulder_ctrl/L_arm_elbow_offset/L_arm_elbow_CTRL/L_arm_wrist_offset/L_arm_wrist_CTRL/L_arm_thumb_1_offset/L_arm_thumb_1_CTRL/L_arm_thumb_2_offset" index="0"]
transform = Transform3D(0.799724, 0.258693, 0.541774, -0.0560073, 0.930616, -0.361687, -0.597749, 0.258907, 0.758725, 0, 0, 0)

[node name="L_arm_index_1_CTRL" parent="Camera3D/WeaponManager/Weapons/Fist/Graphics/Arms/RootNode/arms/arm_ctrl_GRP/arm_root_offset/arm_root_CTRL/L_arm_CTRL_GRP/L_arm_shoulder_offset/L_arm_shoulder_ctrl/L_arm_elbow_offset/L_arm_elbow_CTRL/L_arm_wrist_offset/L_arm_wrist_CTRL/L_arm_index_1_offset" index="0"]
transform = Transform3D(0.9352, -0.296852, 0.193081, 0.29494, 0.954709, 0.0392547, -0.195989, 0.0202365, 0.980397, 0, 0, 0)

[node name="L_arm_index_2_CTRL" parent="Camera3D/WeaponManager/Weapons/Fist/Graphics/Arms/RootNode/arms/arm_ctrl_GRP/arm_root_offset/arm_root_CTRL/L_arm_CTRL_GRP/L_arm_shoulder_offset/L_arm_shoulder_ctrl/L_arm_elbow_offset/L_arm_elbow_CTRL/L_arm_wrist_offset/L_arm_wrist_CTRL/L_arm_index_1_offset/L_arm_index_1_CTRL/L_arm_index_2_offset" index="0"]
transform = Transform3D(0.966377, -0.176575, -0.186912, 0.189053, 0.98064, 0.0510418, 0.174281, -0.084662, 0.98105, 0, 0, 0)

[node name="L_arm_index_3_CTRL" parent="Camera3D/WeaponManager/Weapons/Fist/Graphics/Arms/RootNode/arms/arm_ctrl_GRP/arm_root_offset/arm_root_CTRL/L_arm_CTRL_GRP/L_arm_shoulder_offset/L_arm_shoulder_ctrl/L_arm_elbow_offset/L_arm_elbow_CTRL/L_arm_wrist_offset/L_arm_wrist_CTRL/L_arm_index_1_offset/L_arm_index_1_CTRL/L_arm_index_2_offset/L_arm_index_2_CTRL/L_arm_index_3_offset" index="0"]
transform = Transform3D(0.555033, -0.831756, 0.0109905, 0.829152, 0.55214, -0.0874598, 0.0666769, 0.0576559, 0.996107, 0, 0, 0)

[node name="L_arm_middle_1_CTRL" parent="Camera3D/WeaponManager/Weapons/Fist/Graphics/Arms/RootNode/arms/arm_ctrl_GRP/arm_root_offset/arm_root_CTRL/L_arm_CTRL_GRP/L_arm_shoulder_offset/L_arm_shoulder_ctrl/L_arm_elbow_offset/L_arm_elbow_CTRL/L_arm_wrist_offset/L_arm_wrist_CTRL/L_arm_middle_1_offset" index="0"]
transform = Transform3D(0.94637, -0.32001, 0.0444595, 0.318143, 0.947006, 0.0443229, -0.0562872, -0.0278014, 0.998027, 0, 0, 0)

[node name="L_arm_middle_2_CTRL" parent="Camera3D/WeaponManager/Weapons/Fist/Graphics/Arms/RootNode/arms/arm_ctrl_GRP/arm_root_offset/arm_root_CTRL/L_arm_CTRL_GRP/L_arm_shoulder_offset/L_arm_shoulder_ctrl/L_arm_elbow_offset/L_arm_elbow_CTRL/L_arm_wrist_offset/L_arm_wrist_CTRL/L_arm_middle_1_offset/L_arm_middle_1_CTRL/L_arm_middle_2_offset" index="0"]
transform = Transform3D(0.675804, -0.724644, 0.134829, 0.707512, 0.586457, -0.394329, 0.206676, 0.361882, 0.909025, 0, 0, 0)

[node name="L_arm_middle_3_CTRL" parent="Camera3D/WeaponManager/Weapons/Fist/Graphics/Arms/RootNode/arms/arm_ctrl_GRP/arm_root_offset/arm_root_CTRL/L_arm_CTRL_GRP/L_arm_shoulder_offset/L_arm_shoulder_ctrl/L_arm_elbow_offset/L_arm_elbow_CTRL/L_arm_wrist_offset/L_arm_wrist_CTRL/L_arm_middle_1_offset/L_arm_middle_1_CTRL/L_arm_middle_2_offset/L_arm_middle_2_CTRL/L_arm_middle_3_offset" index="0"]
transform = Transform3D(0.390291, -0.887085, 0.246483, 0.861963, 0.257975, -0.436425, 0.323559, 0.382792, 0.865321, 0, 0, 0)

[node name="L_arm_ring_1_CTRL" parent="Camera3D/WeaponManager/Weapons/Fist/Graphics/Arms/RootNode/arms/arm_ctrl_GRP/arm_root_offset/arm_root_CTRL/L_arm_CTRL_GRP/L_arm_shoulder_offset/L_arm_shoulder_ctrl/L_arm_elbow_offset/L_arm_elbow_CTRL/L_arm_wrist_offset/L_arm_wrist_CTRL/L_arm_ring_1_offset" index="0"]
transform = Transform3D(0.921597, -0.380727, -0.0755252, 0.377337, 0.924409, -0.0555374, 0.0909607, 0.0226847, 0.995596, 0, 0, 0)

[node name="L_arm_ring_2_CTRL" parent="Camera3D/WeaponManager/Weapons/Fist/Graphics/Arms/RootNode/arms/arm_ctrl_GRP/arm_root_offset/arm_root_CTRL/L_arm_CTRL_GRP/L_arm_shoulder_offset/L_arm_shoulder_ctrl/L_arm_elbow_offset/L_arm_elbow_CTRL/L_arm_wrist_offset/L_arm_wrist_CTRL/L_arm_ring_1_offset/L_arm_ring_1_CTRL/L_arm_ring_2_offset" index="0"]
transform = Transform3D(0.376705, -0.843942, 0.38191, 0.772485, 0.0586658, -0.632317, 0.511234, 0.533217, 0.674032, 0, 0, 0)

[node name="L_arm_ring_3_CTRL" parent="Camera3D/WeaponManager/Weapons/Fist/Graphics/Arms/RootNode/arms/arm_ctrl_GRP/arm_root_offset/arm_root_CTRL/L_arm_CTRL_GRP/L_arm_shoulder_offset/L_arm_shoulder_ctrl/L_arm_elbow_offset/L_arm_elbow_CTRL/L_arm_wrist_offset/L_arm_wrist_CTRL/L_arm_ring_1_offset/L_arm_ring_1_CTRL/L_arm_ring_2_offset/L_arm_ring_2_CTRL/L_arm_ring_3_offset" index="0"]
transform = Transform3D(0.789467, -0.606464, 0.09457, 0.612477, 0.76828, -0.18606, 0.0401824, 0.20481, 0.977977, 0, 0, 0)

[node name="L_arm_pinky_1_CTRL" parent="Camera3D/WeaponManager/Weapons/Fist/Graphics/Arms/RootNode/arms/arm_ctrl_GRP/arm_root_offset/arm_root_CTRL/L_arm_CTRL_GRP/L_arm_shoulder_offset/L_arm_shoulder_ctrl/L_arm_elbow_offset/L_arm_elbow_CTRL/L_arm_wrist_offset/L_arm_wrist_CTRL/L_arm_pinky_1_offset" index="0"]
transform = Transform3D(0.866661, -0.496011, 0.0535914, 0.412667, 0.65235, -0.635724, 0.280366, 0.573073, 0.770053, 0, 0, 0)

[node name="L_arm_pinky_2_CTRL" parent="Camera3D/WeaponManager/Weapons/Fist/Graphics/Arms/RootNode/arms/arm_ctrl_GRP/arm_root_offset/arm_root_CTRL/L_arm_CTRL_GRP/L_arm_shoulder_offset/L_arm_shoulder_ctrl/L_arm_elbow_offset/L_arm_elbow_CTRL/L_arm_wrist_offset/L_arm_wrist_CTRL/L_arm_pinky_1_offset/L_arm_pinky_1_CTRL/L_arm_pinky_2_offset" index="0"]
transform = Transform3D(0.529841, -0.845231, 0.0696629, 0.710624, 0.397621, -0.58044, 0.462907, 0.357045, 0.811317, 0, 0, 0)

[node name="L_arm_pinky_3_CTRL" parent="Camera3D/WeaponManager/Weapons/Fist/Graphics/Arms/RootNode/arms/arm_ctrl_GRP/arm_root_offset/arm_root_CTRL/L_arm_CTRL_GRP/L_arm_shoulder_offset/L_arm_shoulder_ctrl/L_arm_elbow_offset/L_arm_elbow_CTRL/L_arm_wrist_offset/L_arm_wrist_CTRL/L_arm_pinky_1_offset/L_arm_pinky_1_CTRL/L_arm_pinky_2_offset/L_arm_pinky_2_CTRL/L_arm_pinky_3_offset" index="0"]
transform = Transform3D(0.702492, -0.591449, 0.395845, 0.710839, 0.555896, -0.430914, 0.0348147, 0.584096, 0.810938, 0, 0, 0)

[node name="R_arm_shoulder_ctrl" parent="Camera3D/WeaponManager/Weapons/Fist/Graphics/Arms/RootNode/arms/arm_ctrl_GRP/arm_root_offset/arm_root_CTRL/R_arm_shoulder_offset" index="0"]
transform = Transform3D(0.796217, 0.213725, 0.566003, -0.219906, 0.973774, -0.0583501, -0.56363, -0.0780084, 0.822335, -0.0158016, -0.00470738, -0.0115539)

[node name="R_arm_elbow_CTRL" parent="Camera3D/WeaponManager/Weapons/Fist/Graphics/Arms/RootNode/arms/arm_ctrl_GRP/arm_root_offset/arm_root_CTRL/R_arm_shoulder_offset/R_arm_shoulder_ctrl/R_arm_elbow_offset" index="0"]
transform = Transform3D(0.634759, -0.505016, 0.584842, 0.206847, 0.840301, 0.501107, -0.74451, -0.197109, 0.63785, 0, 0, 0)

[node name="R_arm_wrist_CTRL" parent="Camera3D/WeaponManager/Weapons/Fist/Graphics/Arms/RootNode/arms/arm_ctrl_GRP/arm_root_offset/arm_root_CTRL/R_arm_shoulder_offset/R_arm_shoulder_ctrl/R_arm_elbow_offset/R_arm_elbow_CTRL/R_arm_wrist_offset" index="0"]
transform = Transform3D(0.940605, -0.261045, -0.217064, 0.281312, 0.957215, 0.0678443, 0.190067, -0.124877, 0.973797, 0, 0, 0)

[node name="R_arm_thumb_1_CTRL" parent="Camera3D/WeaponManager/Weapons/Fist/Graphics/Arms/RootNode/arms/arm_ctrl_GRP/arm_root_offset/arm_root_CTRL/R_arm_shoulder_offset/R_arm_shoulder_ctrl/R_arm_elbow_offset/R_arm_elbow_CTRL/R_arm_wrist_offset/R_arm_wrist_CTRL/R_arm_thumb_1_offset" index="0"]
transform = Transform3D(0.993519, -0.00356689, 0.113611, -0.00804599, 0.994793, 0.101594, -0.113382, -0.10185, 0.988317, 0, 0, 0)

[node name="R_arm_thumb_2_CTRL" parent="Camera3D/WeaponManager/Weapons/Fist/Graphics/Arms/RootNode/arms/arm_ctrl_GRP/arm_root_offset/arm_root_CTRL/R_arm_shoulder_offset/R_arm_shoulder_ctrl/R_arm_elbow_offset/R_arm_elbow_CTRL/R_arm_wrist_offset/R_arm_wrist_CTRL/R_arm_thumb_1_offset/R_arm_thumb_1_CTRL/R_arm_thumb_2_offset" index="0"]
transform = Transform3D(0.917895, 0.0759288, -0.38949, -0.331895, 0.684915, -0.648642, 0.217517, 0.724656, 0.653881, 0, 0, 0)

[node name="R_arm_index_1_CTRL" parent="Camera3D/WeaponManager/Weapons/Fist/Graphics/Arms/RootNode/arms/arm_ctrl_GRP/arm_root_offset/arm_root_CTRL/R_arm_shoulder_offset/R_arm_shoulder_ctrl/R_arm_elbow_offset/R_arm_elbow_CTRL/R_arm_wrist_offset/R_arm_wrist_CTRL/R_arm_index_1_offset" index="0"]
transform = Transform3D(0.979375, -0.201496, -0.0148639, 0.201041, 0.964561, 0.17089, -0.0200964, -0.170353, 0.985178, 0, 0, 0)

[node name="R_arm_index_2_CTRL" parent="Camera3D/WeaponManager/Weapons/Fist/Graphics/Arms/RootNode/arms/arm_ctrl_GRP/arm_root_offset/arm_root_CTRL/R_arm_shoulder_offset/R_arm_shoulder_ctrl/R_arm_elbow_offset/R_arm_elbow_CTRL/R_arm_wrist_offset/R_arm_wrist_CTRL/R_arm_index_1_offset/R_arm_index_1_CTRL/R_arm_index_2_offset" index="0"]
transform = Transform3D(0.454313, -0.796092, 0.399796, 0.890577, 0.416787, -0.182095, -0.0216652, 0.438778, 0.898334, 0, 0, 0)

[node name="R_arm_index_3_CTRL" parent="Camera3D/WeaponManager/Weapons/Fist/Graphics/Arms/RootNode/arms/arm_ctrl_GRP/arm_root_offset/arm_root_CTRL/R_arm_shoulder_offset/R_arm_shoulder_ctrl/R_arm_elbow_offset/R_arm_elbow_CTRL/R_arm_wrist_offset/R_arm_wrist_CTRL/R_arm_index_1_offset/R_arm_index_1_CTRL/R_arm_index_2_offset/R_arm_index_2_CTRL/R_arm_index_3_offset" index="0"]
transform = Transform3D(0.596352, -0.786252, 0.161777, 0.789112, 0.537254, -0.297759, 0.147199, 0.305229, 0.940834, 0, 0, 0)

[node name="R_arm_middle_1_CTRL" parent="Camera3D/WeaponManager/Weapons/Fist/Graphics/Arms/RootNode/arms/arm_ctrl_GRP/arm_root_offset/arm_root_CTRL/R_arm_shoulder_offset/R_arm_shoulder_ctrl/R_arm_elbow_offset/R_arm_elbow_CTRL/R_arm_wrist_offset/R_arm_wrist_CTRL/R_arm_middle_1_offset" index="0"]
transform = Transform3D(0.904332, -0.385767, 0.182668, 0.407627, 0.907482, -0.10157, -0.126585, 0.166313, 0.977914, 0, 0, 0)

[node name="R_arm_middle_2_CTRL" parent="Camera3D/WeaponManager/Weapons/Fist/Graphics/Arms/RootNode/arms/arm_ctrl_GRP/arm_root_offset/arm_root_CTRL/R_arm_shoulder_offset/R_arm_shoulder_ctrl/R_arm_elbow_offset/R_arm_elbow_CTRL/R_arm_wrist_offset/R_arm_wrist_CTRL/R_arm_middle_1_offset/R_arm_middle_1_CTRL/R_arm_middle_2_offset" index="0"]
transform = Transform3D(0.435774, -0.862654, 0.256765, 0.886747, 0.362613, -0.286689, 0.154207, 0.352618, 0.922974, 0, 0, 0)

[node name="R_arm_middle_3_CTRL" parent="Camera3D/WeaponManager/Weapons/Fist/Graphics/Arms/RootNode/arms/arm_ctrl_GRP/arm_root_offset/arm_root_CTRL/R_arm_shoulder_offset/R_arm_shoulder_ctrl/R_arm_elbow_offset/R_arm_elbow_CTRL/R_arm_wrist_offset/R_arm_wrist_CTRL/R_arm_middle_1_offset/R_arm_middle_1_CTRL/R_arm_middle_2_offset/R_arm_middle_2_CTRL/R_arm_middle_3_offset" index="0"]
transform = Transform3D(0.716086, -0.64925, 0.256309, 0.692155, 0.613006, -0.380978, 0.0902311, 0.450219, 0.888348, 0, 0, 0)

[node name="R_arm_ring_1_CTRL" parent="Camera3D/WeaponManager/Weapons/Fist/Graphics/Arms/RootNode/arms/arm_ctrl_GRP/arm_root_offset/arm_root_CTRL/R_arm_shoulder_offset/R_arm_shoulder_ctrl/R_arm_elbow_offset/R_arm_elbow_CTRL/R_arm_wrist_offset/R_arm_wrist_CTRL/R_arm_ring_1_offset" index="0"]
transform = Transform3D(0.813695, -0.581277, 0.004149, 0.57245, 0.800058, -0.179465, 0.101, 0.148405, 0.983754, 0, 0, 0)

[node name="R_arm_ring_2_CTRL" parent="Camera3D/WeaponManager/Weapons/Fist/Graphics/Arms/RootNode/arms/arm_ctrl_GRP/arm_root_offset/arm_root_CTRL/R_arm_shoulder_offset/R_arm_shoulder_ctrl/R_arm_elbow_offset/R_arm_elbow_CTRL/R_arm_wrist_offset/R_arm_wrist_CTRL/R_arm_ring_1_offset/R_arm_ring_1_CTRL/R_arm_ring_2_offset" index="0"]
transform = Transform3D(0.788653, -0.614186, -0.0283237, 0.448101, 0.605711, -0.65751, 0.420989, 0.505856, 0.752913, 0, 0, 0)

[node name="R_arm_ring_3_CTRL" parent="Camera3D/WeaponManager/Weapons/Fist/Graphics/Arms/RootNode/arms/arm_ctrl_GRP/arm_root_offset/arm_root_CTRL/R_arm_shoulder_offset/R_arm_shoulder_ctrl/R_arm_elbow_offset/R_arm_elbow_CTRL/R_arm_wrist_offset/R_arm_wrist_CTRL/R_arm_ring_1_offset/R_arm_ring_1_CTRL/R_arm_ring_2_offset/R_arm_ring_2_CTRL/R_arm_ring_3_offset" index="0"]
transform = Transform3D(0.768225, -0.627822, 0.125177, 0.560422, 0.565018, -0.605542, 0.309445, 0.535344, 0.785907, 0, 0, 0)

[node name="R_arm_pinky_1_CTRL" parent="Camera3D/WeaponManager/Weapons/Fist/Graphics/Arms/RootNode/arms/arm_ctrl_GRP/arm_root_offset/arm_root_CTRL/R_arm_shoulder_offset/R_arm_shoulder_ctrl/R_arm_elbow_offset/R_arm_elbow_CTRL/R_arm_wrist_offset/R_arm_wrist_CTRL/R_arm_pinky_1_offset" index="0"]
transform = Transform3D(0.57261, -0.797747, -0.18899, 0.305904, 0.421779, -0.853537, 0.760619, 0.430931, 0.485549, 0, 0, 0)

[node name="R_arm_pinky_2_CTRL" parent="Camera3D/WeaponManager/Weapons/Fist/Graphics/Arms/RootNode/arms/arm_ctrl_GRP/arm_root_offset/arm_root_CTRL/R_arm_shoulder_offset/R_arm_shoulder_ctrl/R_arm_elbow_offset/R_arm_elbow_CTRL/R_arm_wrist_offset/R_arm_wrist_CTRL/R_arm_pinky_1_offset/R_arm_pinky_1_CTRL/R_arm_pinky_2_offset" index="0"]
transform = Transform3D(0.967227, -0.253077, 0.0205686, 0.217023, 0.781944, -0.58435, 0.131802, 0.569663, 0.811241, 0, 0, 0)

[node name="R_arm_pinky_3_CTRL" parent="Camera3D/WeaponManager/Weapons/Fist/Graphics/Arms/RootNode/arms/arm_ctrl_GRP/arm_root_offset/arm_root_CTRL/R_arm_shoulder_offset/R_arm_shoulder_ctrl/R_arm_elbow_offset/R_arm_elbow_CTRL/R_arm_wrist_offset/R_arm_wrist_CTRL/R_arm_pinky_1_offset/R_arm_pinky_1_CTRL/R_arm_pinky_2_offset/R_arm_pinky_2_CTRL/R_arm_pinky_3_offset" index="0"]
transform = Transform3D(0.772472, -0.621316, 0.131353, 0.470832, 0.421534, -0.775001, 0.426151, 0.660512, 0.618158, 0, 0, 0)

[node name="camera_perspective" parent="Camera3D/WeaponManager/Weapons/Fist/Graphics/Arms/RootNode" index="1"]
transform = Transform3D(-0.1, 0, -8.88178e-16, 0, 0.1, 0, 8.88178e-16, 0, -0.1, 4.76599e-05, 0.322352, -6.97374e-05)
visible = false

[node name="AnimationPlayer" type="AnimationPlayer" parent="Camera3D/WeaponManager/Weapons/Fist/Graphics"]
libraries = {
"": SubResource("AnimationLibrary_2cssd")
}

[node name="BulletEmitter" parent="Camera3D/WeaponManager/Weapons/Fist" instance=ExtResource("6_a7suc")]

[node name="AreaDamageEmitter" parent="Camera3D/WeaponManager/Weapons/Fist/BulletEmitter" instance=ExtResource("7_3qrji")]

[node name="FirePoint" type="Node3D" parent="Camera3D/WeaponManager/Weapons/Fist"]

[node name="Crosshairs" type="TextureRect" parent="Camera3D/WeaponManager/Weapons/Fist"]
offset_right = 40.0
offset_bottom = 40.0
texture = ExtResource("8_od268")

[node name="AnimationPlayer" type="AnimationPlayer" parent="Camera3D/WeaponManager"]
libraries = {
"": SubResource("AnimationLibrary_tinmg")
}
autoplay = "moving"

[node name="Crossbow" type="Node3D" parent="Camera3D/WeaponManager"]
transform = Transform3D(1, 0, 0, 0, 1, 0, 0, 0, 1, 0.0328631, 0, 0)

[node name="Grenade" type="Node3D" parent="Camera3D/WeaponManager"]
transform = Transform3D(1, 0, 0, 0, 1, 0, 0, 0, 1, 0.0328631, 0, 0)

[node name="Sword" type="Node3D" parent="Camera3D/WeaponManager"]
transform = Transform3D(1, 0, 0, 0, 1, 0, 0, 0, 1, 0.0328631, 0, 0)

[node name="OmniLight3D" type="OmniLight3D" parent="Camera3D"]
visible = false
light_energy = 0.3

[node name="SpotLight3D" type="SpotLight3D" parent="Camera3D"]
light_energy = 0.3
spot_range = 6.613
spot_attenuation = 4.28709
spot_angle = 61.33

[node name="CharacterMover" parent="." instance=ExtResource("2_gesuu")]
gravity = 80.0
default_max_speed = 10.0

[node name="HealthManager" parent="." instance=ExtResource("4_7w3qo")]

[node name="Footsteps" parent="." instance=ExtResource("7_u3hxi")]
stream = ExtResource("8_s6tco")
volume_db = -28.952
bus = &"Reverb"
footstep_streams = Array[AudioStream]([ExtResource("8_s6tco"), ExtResource("9_q15wc"), ExtResource("10_wtpge"), ExtResource("11_r8yw1"), ExtResource("12_oy2bd"), ExtResource("13_dkjvy"), ExtResource("14_a4f7c"), ExtResource("15_qynyt"), ExtResource("16_j30ov"), ExtResource("17_loy46")])

[node name="ImpactSounds" type="AudioStreamPlayer3D" parent="."]
volume_db = -10.095
script = ExtResource("17_sj0tx")
streams = Array[AudioStream]([ExtResource("18_5oq7f"), ExtResource("19_l2rlr"), ExtResource("20_v37tv")])

[node name="DeadSound" type="AudioStreamPlayer" parent="."]
stream = ExtResource("17_3y652")
bus = &"Sfx"

[node name="UI" type="CanvasLayer" parent="."]

[node name="HitScreen" type="ColorRect" parent="UI"]
anchors_preset = 15
anchor_right = 1.0
anchor_bottom = 1.0
grow_horizontal = 2
grow_vertical = 2
mouse_filter = 2
color = Color(1, 0, 0, 0)

[node name="AnimationPlayer" type="AnimationPlayer" parent="UI/HitScreen"]
libraries = {
"": SubResource("AnimationLibrary_ycunu")
}

[node name="PlayerHealthBar" parent="UI" instance=ExtResource("27_13lhd")]
offset_left = 23.0
offset_top = 19.0
offset_right = 63.0
offset_bottom = 59.0
scale = Vector2(0.75, 0.75)

[editable path="Camera3D/WeaponManager/Weapons/Fist/Graphics/Arms"]
